PSTAR: Stopping Powers and Range Tables for Protons

ALUMINUM                                                                

Kinetic   Electron. Nuclear   Total     
Energy    Stp. Pow. Stp. Pow. Stp. Pow. 
MeV       MeV cm2/g MeV cm2/g MeV cm2/g 

1.000E-03 9.238E+01 1.197E+01 1.043E+02 
1.500E-03 1.131E+02 1.072E+01 1.239E+02 
2.000E-03 1.306E+02 9.749E+00 1.404E+02 
2.500E-03 1.461E+02 8.967E+00 1.550E+02 
3.000E-03 1.600E+02 8.324E+00 1.683E+02 
4.000E-03 1.848E+02 7.322E+00 1.921E+02 
5.000E-03 2.066E+02 6.571E+00 2.131E+02 
6.000E-03 2.263E+02 5.982E+00 2.323E+02 
7.000E-03 2.444E+02 5.505E+00 2.499E+02 
8.000E-03 2.613E+02 5.110E+00 2.664E+02 
9.000E-03 2.771E+02 4.775E+00 2.819E+02 
1.000E-02 2.921E+02 4.488E+00 2.966E+02 
1.250E-02 3.206E+02 3.917E+00 3.245E+02 
1.500E-02 3.448E+02 3.491E+00 3.483E+02 
1.750E-02 3.657E+02 3.157E+00 3.689E+02 
2.000E-02 3.838E+02 2.889E+00 3.867E+02 
2.250E-02 3.996E+02 2.667E+00 4.022E+02 
2.500E-02 4.132E+02 2.480E+00 4.157E+02 
2.750E-02 4.250E+02 2.321E+00 4.273E+02 
3.000E-02 4.351E+02 2.183E+00 4.373E+02 
3.500E-02 4.510E+02 1.955E+00 4.529E+02 
4.000E-02 4.620E+02 1.774E+00 4.638E+02 
4.500E-02 4.692E+02 1.627E+00 4.709E+02 
5.000E-02 4.734E+02 1.504E+00 4.749E+02 
5.500E-02 4.752E+02 1.401E+00 4.766E+02 
6.000E-02 4.751E+02 1.311E+00 4.764E+02 
6.500E-02 4.737E+02 1.234E+00 4.749E+02 
7.000E-02 4.712E+02 1.166E+00 4.724E+02 
7.500E-02 4.680E+02 1.106E+00 4.691E+02 
8.000E-02 4.642E+02 1.052E+00 4.653E+02 
8.500E-02 4.601E+02 1.003E+00 4.611E+02 
9.000E-02 4.558E+02 9.597E-01 4.567E+02 
9.500E-02 4.513E+02 9.200E-01 4.522E+02 
1.000E-01 4.468E+02 8.837E-01 4.477E+02 
1.250E-01 4.245E+02 7.406E-01 4.253E+02 
1.500E-01 4.045E+02 6.400E-01 4.051E+02 
1.750E-01 3.867E+02 5.651E-01 3.873E+02 
2.000E-01 3.710E+02 5.070E-01 3.715E+02 
2.250E-01 3.568E+02 4.604E-01 3.573E+02 
2.500E-01 3.440E+02 4.222E-01 3.444E+02 
2.750E-01 3.323E+02 3.903E-01 3.327E+02 
3.000E-01 3.215E+02 3.632E-01 3.218E+02 
3.500E-01 3.017E+02 3.195E-01 3.020E+02 
4.000E-01 2.842E+02 2.858E-01 2.844E+02 
4.500E-01 2.686E+02 2.589E-01 2.689E+02 
5.000E-01 2.548E+02 2.369E-01 2.550E+02 
5.500E-01 2.425E+02 2.185E-01 2.427E+02 
6.000E-01 2.314E+02 2.030E-01 2.316E+02 
6.500E-01 2.215E+02 1.897E-01 2.216E+02 
7.000E-01 2.124E+02 1.781E-01 2.126E+02 
7.500E-01 2.042E+02 1.679E-01 2.043E+02 
8.000E-01 1.966E+02 1.589E-01 1.968E+02 
8.500E-01 1.897E+02 1.509E-01 1.899E+02 
9.000E-01 1.833E+02 1.436E-01 1.835E+02 
9.500E-01 1.774E+02 1.371E-01 1.775E+02 
1.000E+00 1.719E+02 1.312E-01 1.720E+02 
1.250E+00 1.494E+02 1.082E-01 1.495E+02 
1.500E+00 1.327E+02 9.232E-02 1.328E+02 
1.750E+00 1.198E+02 8.066E-02 1.199E+02 
2.000E+00 1.094E+02 7.173E-02 1.095E+02 
2.250E+00 1.009E+02 6.466E-02 1.010E+02 
2.500E+00 9.377E+01 5.891E-02 9.383E+01 
2.750E+00 8.769E+01 5.414E-02 8.775E+01 
3.000E+00 8.245E+01 5.011E-02 8.250E+01 
3.500E+00 7.383E+01 4.369E-02 7.388E+01 
4.000E+00 6.703E+01 3.877E-02 6.707E+01 
4.500E+00 6.151E+01 3.489E-02 6.154E+01 
5.000E+00 5.691E+01 3.174E-02 5.695E+01 
5.500E+00 5.303E+01 2.913E-02 5.306E+01 
6.000E+00 4.970E+01 2.693E-02 4.973E+01 
6.500E+00 4.681E+01 2.505E-02 4.684E+01 
7.000E+00 4.428E+01 2.342E-02 4.430E+01 
7.500E+00 4.203E+01 2.200E-02 4.205E+01 
8.000E+00 4.002E+01 2.075E-02 4.004E+01 
8.500E+00 3.822E+01 1.963E-02 3.824E+01 
9.000E+00 3.658E+01 1.864E-02 3.660E+01 
9.500E+00 3.510E+01 1.774E-02 3.512E+01 
1.000E+01 3.375E+01 1.693E-02 3.376E+01 
1.250E+01 2.841E+01 1.380E-02 2.842E+01 
1.500E+01 2.465E+01 1.166E-02 2.466E+01 
1.750E+01 2.185E+01 1.012E-02 2.186E+01 
2.000E+01 1.968E+01 8.940E-03 1.969E+01 
2.500E+01 1.651E+01 7.266E-03 1.652E+01 
2.750E+01 1.532E+01 6.649E-03 1.532E+01 
3.000E+01 1.430E+01 6.130E-03 1.431E+01 
3.500E+01 1.267E+01 5.308E-03 1.268E+01 
4.000E+01 1.141E+01 4.684E-03 1.142E+01 
4.500E+01 1.041E+01 4.194E-03 1.041E+01 
5.000E+01 9.590E+00 3.798E-03 9.594E+00 
5.500E+01 8.908E+00 3.473E-03 8.911E+00 
6.000E+01 8.330E+00 3.200E-03 8.334E+00 
6.500E+01 7.835E+00 2.967E-03 7.838E+00 
7.000E+01 7.405E+00 2.767E-03 7.408E+00 
7.500E+01 7.029E+00 2.593E-03 7.031E+00 
8.000E+01 6.696E+00 2.439E-03 6.698E+00 
8.500E+01 6.399E+00 2.304E-03 6.401E+00 
9.000E+01 6.133E+00 2.182E-03 6.135E+00 
9.500E+01 5.893E+00 2.074E-03 5.895E+00 
1.000E+02 5.676E+00 1.976E-03 5.678E+00 
1.250E+02 4.835E+00 1.600E-03 4.837E+00 
1.500E+02 4.261E+00 1.346E-03 4.262E+00 
1.750E+02 3.843E+00 1.163E-03 3.844E+00 
2.000E+02 3.525E+00 1.025E-03 3.526E+00 
2.250E+02 3.276E+00 9.164E-04 3.277E+00 
2.500E+02 3.075E+00 8.293E-04 3.076E+00 
2.750E+02 2.910E+00 7.576E-04 2.911E+00 
3.000E+02 2.772E+00 6.976E-04 2.773E+00 
3.500E+02 2.555E+00 6.027E-04 2.555E+00 
4.000E+02 2.392E+00 5.311E-04 2.393E+00 
4.500E+02 2.266E+00 4.750E-04 2.267E+00 
5.000E+02 2.166E+00 4.299E-04 2.167E+00 
5.500E+02 2.086E+00 3.928E-04 2.086E+00 
6.000E+02 2.019E+00 3.617E-04 2.020E+00 
6.500E+02 1.964E+00 3.353E-04 1.965E+00 
7.000E+02 1.918E+00 3.126E-04 1.918E+00 
7.500E+02 1.878E+00 2.929E-04 1.879E+00 
8.000E+02 1.845E+00 2.755E-04 1.845E+00 
8.500E+02 1.816E+00 2.602E-04 1.816E+00 
9.000E+02 1.790E+00 2.465E-04 1.791E+00 
9.500E+02 1.768E+00 2.342E-04 1.769E+00 
1.000E+03 1.749E+00 2.232E-04 1.750E+00 
1.500E+03 1.647E+00 1.523E-04 1.647E+00 
2.000E+03 1.617E+00 1.162E-04 1.618E+00 
2.500E+03 1.613E+00 9.419E-05 1.613E+00 
3.000E+03 1.619E+00 7.938E-05 1.619E+00 
4.000E+03 1.642E+00 6.062E-05 1.642E+00 
5.000E+03 1.668E+00 4.920E-05 1.668E+00 
6.000E+03 1.692E+00 4.148E-05 1.692E+00 
7.000E+03 1.714E+00 3.592E-05 1.714E+00 
8.000E+03 1.734E+00 3.170E-05 1.734E+00 
9.000E+03 1.752E+00 2.840E-05 1.752E+00 
1.000E+04 1.768E+00 2.574E-05 1.768E+00 
